49376194434784059457254501399815,
45847650713736428392774867382797 ,
44472578180297022074769167052171 
30267988818285223225979505353873
01483681443056245524135130325161
64692194004761534582131489206567
25652270274629944363303248315688
94879864060404814743212446745923
05622239208327517465516070003298
26514181160088096082521229256743
29941310989914947806897489244787
90131346273368706478803830537363
50591295858902580931733965603030
03873566996254483662292515877735
32282532077925871514442181194839
82298748634917661839921659126638
62959294319518561787441162087064
92518602686576984189757142649451
01142557559984404321733419108020
98512510497694274849890665267528


















